y<- c(5,
      +6,
      +7)